63
123
279
285
316
326
358
510
607
880
906
917
960
1001
1012
1017
1091
1188
1204
1351
1501
1522
1546
1580
1665
1741
1792
1818
1941
1953
2112
2257
2283
2286
2381
2404
2530
2544
2551
2796
2881
2890
2902
2963
2974
3013
3038
3159
3160
3281
3323
3398
3431
3435
3472
3598
3683
3784
3895
3967
4071
4177
4249
4288
4347
4364
4372
4465
4618
4637
4705
4706
4760
4768
4788
4792
4819
4829
5187
5345
5429
5510
5577
5617
5640
5644
5662
5670
5673
5687
5854
5855
5880
5920
5982
6027
6092
6101
6161
6167
6218
6220
6224
6265
6328
6333
6354
6444
6546
6629
6764
6807
6809
6835
6870
6917
6983
7108
7110
7221
7251
7265
7268
7286
7334
7359
7423
7541
7562
7579
7618
7629
7731
7810
7872
7874
7877
7883
7899
7925
7994
8103
8118
8161
8242
8259
8323
8368
8643
8738
8809
8821
8955
8980
9144
9224
9232
9375
9536
9593
9609
9635
9642
9672
9700
9727
9818
9838
9900
9983
10044
10264
10297
10310
10360
10367
10420
10428
10486
10522
10583
10597
10684
10827
10858
10859
10896
10927
10964
11016
11032
11146
11250
11420
11422
11532
11587
11616
11829
11865
11926
12189
12452
12453
12542
12648
12655
12658
12664
12746
12835
12875
12900
12911
12994
13001
13065
13116
13277
13383
13526
13532
13582
13640
13800
13859
13863
13876
13926
13940
14037
14078
14107
14241
14270
14292
14427
14450
14611
14883
14885
14977
15026
15030
15075
15077
15087
15130
15223
15240
15363
15375
15527
15587
15717
15796
15806
15892
15960
16093
16106
16239
16246
16252
16283
16294
16348
16364
16440
16477
16496
16531
16707
16791
16927
16933
16995
17129
17131
17132
17307
17364
17411
17417
17432
17504
17522
17592
17630
17658
17687
17710
17731
17784
17969
17972
17974
18028
18069
18072
18091
18096
18150
18173
18280
18465
18607
18670
18776
18790
18821
18906
18936
19010
19014
19039
19092
19112
19145
19535
19584
19614
19646
19661
19738
19758
19791
19796
19823
19910
19944
20131
20171
20227
20337
20377
20379
20381
20411
20525
20574
20594
20777
20803
20885
21031
21054
21056
21169
21203
21263
21343
21366
21439
21486
21497
21625
21828
21908
21968
21984
21995
22050
22118
22136
22157
22169
22182
22276
22378
22447
22485
22558
22595
22658
22722
22730
22740
22744
22775
22801
22889
22904
22968
23088
23142
23161
23170
23284
23360
23376
23400
23490
23619
23652
23755
23784
23817
23916
23949
24095
24111
24112
24116
24152
24153
24179
24220
24409
24560
24594
24698
24725
24822
24935
24972
25096
25105
25145
25250
25327
25394
25497
25514
25582
25592
25654
25683
25722
25772
25812
25843
25859
26003
26088
26105
26249
26270
26276
26287
26316
26348
26385
26475
26482
26580
26639
26732
26774
26807
26874
27068
27135
27222
27244
27356
27368
27377
27401
27445
27453
27479
27708
27858
27865
27906
27978
28014
28043
28068
28074
28098
28099
28104
28107
28108
28125
28135
28271
28272
28314
28343
28436
28442
28457
28478
28502
28550
28580
28591
28641
28739
28967
28991
29036
29073
29120
29129
29157
29187
29195
29365
29405
29412
29420
29644
29699
29719
29750
29762
29768
29897
29945
29999
30020
30051
30056
30126
30381
30397
30485
30573
30582
30627
30791
30813
30820
30881
31349
31375
31403
31433
31513
31527
31549
31614
31657
32013
32065
32100
32185
32222
32304
32417
32420
32567
32578
32616
32678
32777
32830
32868
32879
32940
32964
32985
32992
33082
33155
33226
33291
33462
33544
33735
33845
33868
33931
33937
33964
34015
34101
34121
34133
34191
34193
34197
34248
34395
34440
34466
34485
34500
34525
34429
34692
34716
34722
34734
34902
34906
34923
35044
35170
35530
35467
35502
35518
35528
35552
35627
35712
35724
35735
35766
35770
35822
35857
36013
36133
36158
36348
36368
36435
36468
36475
36493
36495
36527
36547
36598
36657
36690
36739
36761
36830
36850
36936
36967
37016
37049
37142
37181
37198
37308
37330
37338
37350
37463
37482
37518
37537
37555
37662
37663
37676
37693
37722
37904
38035
38053
38085
38096
38147
38160
38176
38258
38284
38304
38330
38459
38601
38614
38641
38647
38675
38681
38756
38808
38812
38941
38972
39006
39017
39036
39099
39168
39341
39416
39420
39667
39836
39842
39870
39940
39979
40017
40099
40261
40365
40488
40528
40640
40671
40738
40827
40858
40881
40895
40946
41002
41230
41237
41245
41333
41337
41382
41438
41537
41591
41699
41714
41716
41734
41823
41846
41854
41879
41899
41984
42017
42023
42144
42164
42173
42271
42348
42370
42433
42456
42464
42495
42541
42612
42631
42742
42757
42932
42995
42998
43060
43062
43214
43258
43265
43382
43423
43505
43524
43557
43664
43802
43927
43999
44136
44196
44288
44292
44352
44468
44687
44755
44757
44823
45215
45217
45268
45290
45318
45340
45410
45451
45560
45696
45706
45725
45788
45816
45851
45854
46063
46154
46259
46299
46307
46313
46319
46329
46350
46461
46463
46475
46507
46533
46537
46582
46676
46678
46682
46743
46851
46854
47009
47026
47219
47257
47274
47279
47373
47399
47452
47525
47542
47546
47603
47724
47915
47969
48020
48029
48052
48074
48084
48097
48171
48185
48281
48308
48392
48420
48449
48489
48518
48526
48544
48552
48599
48616
48693
48696
48749
48804
48870
48947
49111
49112
49220
49260
49272
49311
49399
49440
49446
49488
49602
49697
49723
49799
49861
49882
49905
